name=Green_Zone
background=data/textures/background/Green_Zone/Green_Zone.png
isTransition=0
parallaxBackgrounds=3

[floor]
6      32 32      0 0        0 0 32 32
7      32 32      0 0        0 0 32 32
8      32 32      0 0        0 0 32 32
9      32 32      0 0        0 0 32 32
10     32 32      0 0        0 0 32 32
11     32 32      0 0        0 0 32 32
12     32 32      0 0        0 0 32 32
13     32 32      0 0        0 0 32 32
14     32 32      0 0        0 0 32 32
15     32 32      0 0        0 0 32 32
16     32 32      0 0        0 0 32 32
17     32 32      0 0        0 0 32 32
18     32 32      0 0        0 0 32 32
19     32 32      0 0        0 0 32 32
20     32 32      0 0        0 0 32 32
21     32 32      0 0        0 0 32 32
22     32 32      0 0        0 0 32 32
23     32 32      0 0        0 0 32 32
24     32 32      0 0        0 0 32 32
25     32 32      0 0        0 0 32 32
26     32 32      0 0        0 0 32 32
27     32 32      0 0        0 0 32 32
28     32 32      0 0        0 0 32 32
29     32 32      0 0        0 0 32 32
30     32 32      0 0        0 0 32 32
31     32 32      0 0        0 0 32 32
32     32 32      0 0        0 0 32 32
33     32 32      0 0        0 0 32 32
34     32 32      0 0        0 0 32 32
35     32 32      0 0        0 0 32 32

[tripped]
51     22 10      0 22       1 27 21 5       6 25 15 2      8 23 9 2
52     38 13      0 19       2 26 34 6       10 22 24 4     13 19 9 3
53     30 19      0 13       1 21 27 11      8 17 16 4      12 14 10 3
54     40 16      0 16       0 26 40 6       8 21 28 5      16 17 9 4
55     40 17      0 15       4 22 34 10      8 19 28 3      11 16 20 3
56     41 24      0 8        2 23 38 9       6 16 20 7      5 13 17 3      8 10 12 3
57     43 22      0 10       1 25 40 7       4 21 34 4      10 14 27 7     15 12 22 2
58     50 25      0 7        1 27 49 5       2 16 37 11     8 12 20 4      9 8 12 4
59     26 7       0 25       0 27 26 5
60     10 7       0 25       0 28 10 4       2 25 6 3
61     22 14      0 18       0 28 22 4       3 26 17 2      3 20 10 6      5 18 6 2
62     15 13      0 19       0 20 15 12
63     15 13      0 19       0 20 15 12

[wall]
101    27 16      0 16       1 25 25 7       3 23 21 2      9 19 12 4      11 16 8 3
102    39 17      0 15       2 27 37 5       0 20 34 7      2 16 12 4
103    46 22      0 10       0 26 43 6       3 22 40 4      7 18 38 4      11 14 35 4      17 11 27 3
104    70 44      0 -12      0 22 66 10      2 14 51 8      8 9 41 5       9 -3 26 12      12 -8 20 5      15 -11 14 3
105    32 25      0 7        0 8 32 24
106    92 48      0 -16      0 28 80 4       0 24 59 4      0 19 52 5      0 13 46 6       0 5 42 8        0 -6 40 11      0 -15 29 9
107    92 48      0 -16      1 29 91 3       30 25 62 4     40 20 52 5     48 10 44 10     52 -6 40 16     63 -15 29 9
108    144 39     0 -7       1 29 142 3      30 25 84 4     38 21 68 4     43 17 58 4      47 12 50 5      50 5 44 7       52 -6 40 11
109    72 72      0 -40      5 17 60 15      30 3 10 14     14 -8 42 11    32 -22 6 14     24 -30 20 8
110    72 72      0 -40      5 17 60 15      30 3 10 14     14 -8 42 11    32 -22 6 14     24 -30 20 8
111    45 22      0 10       0 23 45 9       0 11 35 12
112    48 22      0 10       0 23 48 9       10 11 38 12
113    45 10      0 22       0 23 45 9
114    48 10      0 22       0 23 48 9
115    30 21      0 11       0 16 30 16
116    30 22      0 10       0 16 30 16
117    30 20      0 12       1 14 29 18
118    30 21      0 11       0 11 30 21

[burnt]

[spike]

end