name=Industrial_Zone
background=data/textures/background/Swamp/Swamp.png
isTransition=0
parallaxBackgrounds=3

[floor]
6      32 32      0 0        0 0 32 32
7      32 32      0 0        0 0 32 32
8      32 32      0 0        0 0 32 32
9      32 32      0 0        0 0 32 32
10     32 32      0 0        0 0 32 32
11     32 32      0 0        0 0 32 32
12     32 32      0 0        0 0 32 32
13     32 32      0 0        0 0 32 32
14     32 32      0 0        0 0 32 32
15     32 32      0 0        0 0 32 32
16     32 32      0 0        0 0 32 32
17     32 32      0 0        0 0 32 32
18     32 32      0 0        0 0 32 32
19     32 32      0 0        0 0 32 32
20     32 32      0 0        0 0 32 32
21     32 32      0 0        0 0 32 32
22     32 32      0 0        0 0 32 32
23     32 32      0 0        0 0 32 32
24     32 32      0 0        0 0 32 32
25     32 32      0 0        0 0 32 32
26     32 32      0 0        0 0 32 32
27     32 32      0 0        0 0 32 32
28     32 32      0 0        0 0 32 32
29     32 32      0 0        0 0 32 32
30     32 32      0 0        0 0 32 32
31     32 32      0 0        0 0 32 32
32     32 32      0 0        0 0 32 32
33     32 32      0 0        0 0 32 32
34     32 32      0 0        0 0 32 32
35     32 32      0 0        0 0 32 32
36     32 32      0 0        0 0 32 32
37     32 32      0 0        0 0 32 32
38     32 32      0 0        0 0 32 32
39     32 32      0 0        0 0 32 32
40     32 32      0 0        0 0 32 32
41     32 32      0 0        0 0 32 32
42     32 32      0 0        0 0 32 32
43     32 32      0 0        0 0 32 32
44     32 32      0 0        0 0 32 32
45     32 32      0 0        0 0 32 32
46     32 32      0 0        0 0 32 32
47     32 32      0 0        0 0 32 32
48     32 32      0 0        0 0 32 32
49     32 32      0 0        0 0 32 32
50     32 32      0 0        0 0 32 32

[tripped]
51     12 21      0 11       4 13 8 19
52     20 8       0 24       0 24 19 8
53     26 16      0 16       0 16 26 16
54     24 14      0 18       0 18 24 14
55     32 23      0 9        3 9 26 23
56     26 19      0 13       1 16 24 16
57     30 7       0 25       1 26 28 6
58     18 9       0 23       0 25 18 7
59     11 11      0 21       0 21 10 11
60     32 15      0 17       1 17 30 15

[wall]
101    64 72      0 -40      0 -40 64 72
102    60 44      0 -12      0 -12 60 44
103    64 64      0 -32      0 -2 64 34      12 -32 52 30
104    28 22      0 10       0 10 28 22
105    28 22      0 10       1 10 26 22
106    18 22      0 10       0 10 18 22
107    18 25      0 7        0 10 18 22
108    18 23      0 9        1 10 16 22
109    28 22      0 10       0 10 28 22
110    53 16      0 16       0 16 53 16
111    32 57      0 -25      0 -25 32 57
112    32 57      0 -25      0 -25 32 57
113    94 89      0 -57      0 -1 94 33      31 -25 63 24        31 -57 32 32
114    32 32      0 0        0 0 32 32
115    32 64      0 -32      0 -32 32 64
116    32 20      0 12       0 12 32 20
117    30 24      0 8        0 8 30 24
118    32 26      0 6        0 6 32 26
119    32 11      0 21       0 21 32 11
120    32 85      0 -68      0 -68 32 85
121    32 64      0 -32      0 -32 32 64
122    32 96      0 -64      0 9 32 23      0 -64 32 22
123    32 21      0 11       0 11 32 9
124    32 21      0 11       0 12 32 20
125    32 19      0 13       0 14 32 18
126    32 68      0 -36      0 11 32 9      2 -11 28 22      7 -33 18 22      11 -36 10 3

[burnt]
151    44 23      0 9        3 17 38 15     4 12 5 5        19 12 5 5       34 12 5 5
152    61 42      0 -10      1 10 59 22     7 -5 6 15       28 -5 6 15      49 -5 6 15

[spike]
201    29 15      0 17       5 24 19 8      8 19 13 5
202    27 27      0 -7       7 -5 13 5      3 0 21 13       7 13 13 5

end