name=Pirate_Bay
background=data/textures/background/Pirate_Bay/Pirate_Bay.png
isTransition=0
parallaxBackgrounds=3

[floor]
6      32 32      0 0        0 0 32 32
7      32 32      0 0        0 0 32 32
8      32 32      0 0        0 0 32 32
9      32 32      0 0        0 0 32 32
10     32 32      0 0        0 0 32 32
11     32 32      0 0        0 0 32 32
12     32 32      0 0        0 0 32 32
13     32 32      0 0        0 0 32 32
14     32 32      0 0        0 0 32 32
15     32 32      0 0        0 0 32 32
16     32 32      0 0        0 0 32 32
17     32 32      0 0        0 0 32 32
18     32 32      0 0        0 0 32 32
19     32 32      0 0        0 0 32 32
20     32 32      0 0        0 0 32 32
21     32 32      0 0        0 0 32 32
22     32 32      0 0        0 0 32 32
23     32 32      0 0        0 0 32 32
24     32 32      0 0        0 0 32 32
25     32 32      0 0        0 0 32 32
26     32 32      0 0        0 0 32 32
27     32 32      0 0        0 0 32 32
28     32 32      0 0        0 0 32 32
29     32 32      0 0        0 0 32 32
30     32 32      0 0        0 0 32 32
31     32 32      0 0        0 0 32 32
32     32 32      0 0        0 0 32 32
33     32 32      0 0        0 0 32 32
34     32 32      0 0        0 0 32 32
35     32 32      0 0        0 0 32 32
36     32 32      0 0        0 0 32 32
37     32 32      0 0        0 0 32 32
38     32 32      0 0        0 0 32 32
39     32 32      0 0        0 0 32 32
40     32 32      0 0        0 0 32 32
41     32 32      0 0        0 0 32 32
42     32 32      0 0        0 0 32 32
43     32 32      0 0        0 0 32 32
44     32 32      0 0        0 0 32 32
45     32 32      0 0        0 0 32 32

[tripped]
51     14 9       0 23       0 23 14 9
52     29 9       0 23       1 28 24 4      10 25 12 3
53     28 13      0 19       3 25 24 7      8 21 10 4
54     29 13      0 19       0 25 26 7      9 20 10 5
55     26 20      0 12       0 18 25 14     7 13 7 5
56     40 27      0 5        2 24 38 8      5 16 33 8      12 7 21 9
57     44 29      0 3        0 16 43 16     7 11 30 5      18 5 17 6
58     57 32      0 0        0 22 55 10     3 12 50 10     8 7 32 5       22 2 15 5

[wall]
101    125 50     0 -18      10 14 113 18      17 -17 103 31
102    157 69     0 -37      4 12 140 20       10 -10 134 22      6 -21 123 11      6 -30 115 9
103    99 50      0 -18      5 -17 84 49
104    118 48     0 -16      4 11 108 21       2 -7 106 18        20 -15 88 8
105    88 48      0 -16      0 -15 88 47
106    102 59     0 -27      1 0 97 32         1 -23 87 23        1 -27 56 4
107    73 56      0 -24      3 -10 56 42       0 -16 59 6
108    117 54     0 -22      4 1 106 31        4 -14 80 15        0 -21 88 7
109    146 59     0 -27      1 -9 143 41       12 -26 132 17
110    93 75      0 -43      0 6 76 26         4 -31 66 37        0 -43 76 12
111    50 38      0 -6       0 13 50 19        2 -6 48 19
112    55 32      0 0        0 13 55 19        1 0 54 13
113    49 32      0 0        0 13 49 19        1 0 48 13
114    25 41      0 -9       0 7 25 25         2 -9 5 16
115    29 31      0 1        2 3 25 29
116    23 19      0 13       3 13 20 19
117    46 23      0 9        0 9 46 23
118    62 23      0 9        0 9 62 23
119    78 23      0 9        0 9 78 23
120    50 25      0 7        0 18 49 14        9 8 38 10
121    35 22      0 10       1 21 34 11        1 10 21 11
122    103 42     0 -10      0 -1 100 33       7 -10 93 9

[burnt]

[spike]
201    38 37      0 -5       3 8 32 24      7 1 28 7
202    38 37      0 -5       3 8 32 24      7 1 28 7

end