name=Industrial_Zone
background=data/textures/background/Swamp/Swamp.png
isTransition=0
parallaxBackgrounds=3

[floor]
6      32 32      0 0        0 0 32 32
7      32 32      0 0        0 0 32 32
8      32 32      0 0        0 0 32 32
9      32 32      0 0        0 0 32 32
10     32 32      0 0        0 0 32 32
11     32 32      0 0        0 0 32 32
12     32 32      0 0        0 0 32 32
13     32 32      0 0        0 0 32 32
14     32 32      0 0        0 0 32 32
15     32 32      0 0        0 0 32 32
16     32 32      0 0        0 0 32 32
17     32 32      0 0        0 0 32 32
18     32 32      0 0        0 0 32 32
19     32 32      0 0        0 0 32 32
20     32 32      0 0        0 0 32 32
21     32 32      0 0        0 0 32 32
22     32 32      0 0        0 0 32 32
23     32 32      0 0        0 0 32 32
24     32 32      0 0        0 0 32 32
25     32 32      0 0        0 0 32 32
26     32 32      0 0        0 0 32 32
27     32 32      0 0        0 0 32 32
28     32 32      0 0        0 0 32 32
29     32 32      0 0        0 0 32 32
30     32 32      0 0        0 0 32 32
31     32 32      0 0        0 0 32 32
32     32 32      0 0        0 0 32 32
33     32 32      0 0        0 0 32 32
34     32 32      0 0        0 0 32 32
35     32 32      0 0        0 0 32 32
36     32 32      0 0        0 0 32 32
37     32 32      0 0        0 0 32 32
38     32 32      0 0        0 0 32 32
39     32 32      0 0        0 0 32 32
40     32 32      0 0        0 0 32 32
41     32 32      0 0        0 0 32 32
42     32 32      0 0        0 0 32 32
43     32 32      0 0        0 0 32 32
44     32 32      0 0        0 0 32 32
45     32 32      0 0        0 0 32 32
46     32 32      0 0        0 0 32 32
47     32 32      0 0        0 0 32 32
48     32 32      0 0        0 0 32 32
49     32 32      0 0        0 0 32 32
50     32 32      0 0        0 0 32 32

[tripped]
51     45 16      0 16       0 20 45 12      0 16 23 4
52     45 7       0 25       0 25 45 7
53     21 11      0 21       0 25 21 7       0 21 15 4
54     22 11      0 21       0 21 22 11
55     45 11      0 21       0 21 45 11
56     21 12      0 20       0 25 21 7       14 20 7 5

[wall]
101    50 25      0 7        0 18 49 14        9 8 38 10
102    35 22      0 10       1 21 34 11        1 10 21 11
103    20 64      0 -32      8 -32 11 64
104    103 42     0 -10      0 -1 100 33       7 -10 93 9
105    13 22      0 10       0 10 13 22
106    24 22      0 10       0 10 24 22
107    32 22      0 10       0 10 32 22
108    29 17      0 15       0 15 29 17
109    29 19      0 13       0 14 29 18
110    32 23      0 9        1 21 29 11        5 9 25 12
111    32 22      0 10       1 21 31 11        7 10 25 11
112    

112    32 57      0 -25      0 -25 32 57
113    32 89      0 -57      0 -57 32 89
114    32 32      0 0        0 0 32 32
115    32 64      0 -32      0 -32 32 64
116    32 20      0 12       0 12 32 20
117    30 24      0 8        0 8 30 24
118    32 26      0 6        0 6 32 26
119    32 11      0 21       0 21 32 11
120    32 85      0 -68      0 -68 32 85
121    32 64      0 -32      0 -32 32 64
122    32 96      0 -64      0 9 32 23      0 -64 32 22
123    32 21      0 11       0 11 32 9
124    32 21      0 11       0 11 32 9
125    32 21      0 11       0 11 32 9

[burnt]
151    32 32      0 0        0 35 0 0

[spike]
201    29 15      0 17       5 24 19 8      8 19 13 5
202    27 27      0 -7       7 -5 13 5      3 0 21 13       7 13 13 5

end