name=Swamp
background=data/textures/background/Swamp/Swamp.png
isTransition=0
parallaxBackgrounds=1

[floor]
6      32 32      0 0        0 0 32 32
7      32 32      0 0        0 0 32 32
8      32 32      0 0        0 0 32 32
9      32 32      0 0        0 0 32 32
10     32 32      0 0        0 0 32 32
11     32 32      0 0        0 0 32 32
12     32 32      0 0        0 0 32 32
13     32 32      0 0        0 0 32 32
14     32 32      0 0        0 0 32 32
15     32 32      0 0        0 0 32 32
16     32 32      0 0        0 0 32 32
17     32 32      0 0        0 0 32 32
18     32 32      0 0        0 0 32 32
19     32 32      0 0        0 0 32 32
20     32 32      0 0        0 0 32 32
21     32 32      0 0        0 0 32 32
22     32 32      0 0        0 0 32 32
23     32 32      0 0        0 0 32 32
24     32 32      0 0        0 0 32 32
25     32 32      0 0        0 0 32 32

[tripped]
51     23 18      0 14       0 23 23 9    1 14 5 9
52     25 20      0 12       0 28 25 4    2 19 5 9    5 12 4 7
53     16 13      0 19       0 28 16 4    4 24 8 4    8 19 7 5
54     31 15      0 17       0 24 31 8    6 18 24 6
55     30 10      0 22       0 28 30 4    4 25 23 3    5 24 14 1    6 22 9 2
56     29 15      0 17       0 25 29 7    1 22 24 3    6 17 18 5
57     31 21      0 11       0 25 31 7    5 18 24 7    14 11 14 7
58     63 28      0 4        0 25 63 7    7 20 52 5    11 14 37 6    11 5 22 9
59     31 26      0 6        1 20 28 12    0 13 24 7    2 10 19 3    4 6 12 4
60     63 27      0 5        0 22 61 10    6 17 51 5    9 13 41 4    19 9 30 4    26 5 19 4
61     61 25      0 7        1 22 58 10    5 15 46 7    10 8 38 7
62     26 15      0 17       0 25 26 7    1 20 23 5    2 18 18 2
63     26 17      0 15       0 24 26 8    1 16 24 8
64     29 20      0 12       0 24 26 8    5 21 24 3    3 14 25 7
65     31 19      0 13       0 24 31 8    8 17 23 7    10 14 11 3

[wall]
101    34 28      0 4        1 8 32 24
102    34 27      0 5        1 8 33 24
103    34 26      0 6        2 7 32 25
104    34 27      0 5        1 17 32 15
105    27 26      0 6        1 10 25 22
106    27 26      0 6        1 11 26 21
107    63 59      0 -27      0 -6 57 38    19 -27 37 21
108    47 57      0 -25      0 16 47 16    7 -25 33 41
109    52 63      0 -31      0 12 52 20    10 -31 41 43
110    57 30      0 2        0 22 57 10    1 10 41 12    4 2 25 8
111    31 31      0 1        0 29 31 3    1 16 29 13    6 1 23 15
112    32 149     0 -117     0 -96 32 110

[burnt]
151    32 32      0 0        3 16 27 16

[spike]
201    28 22      0 10       0 22 28 10    6 10 16 12
202    28 24      0 8        0 8 28 24
203    28 22      0 10       0 20 28 12    6 14 14 6

end